Result: 6.588395774611, n = 100000000
Time(stream) 7.706887960434
Result: 6.590024296015, n = 100000000
Time: 2.071220397949
Time(stream): 7.706887960434
3.720940546967
