Result: 6.589845842072, n = 10000000
Time(stream) 0.891709089279
Result: 6.587465945556, n = 10000000
Time: 0.054710388184
Time(stream): 0.891709089279
S: 16.298716183238
